$ 1 0.000005 1.4391916095149893 37 5 50 5e-11
g 48 400 48 432 0 0
v 192 400 192 304 0 0 40 17.8 0 0 0.5
w 48 400 112 400 0
w 112 400 192 400 0
f 352 224 352 304 33 1.5 2
f 432 224 432 304 41 2 2
w 288 304 336 304 0
w 368 304 416 304 0
w 448 304 656 176 0
w 192 208 192 48 0
w 352 224 432 224 0
w 352 208 352 224 0
r 432 224 480 224 0 20000
g 480 224 480 256 0 0
r 192 208 352 208 0 500
w 192 400 192 464 0
p 528 560 192 560 3 0 0 10000000
370 192 304 288 304 3 0 0
370 192 48 288 48 3 0 0
w 192 464 192 560 0
w 528 464 528 560 0
209 528 464 192 464 4 0.00025 18.214974025192614 0.001 0 1
w 528 400 528 464 0
370 528 48 656 176 3 0 0
r 192 400 528 400 0 12
209 288 304 288 400 4 0.00001 17.8 0.001 0.1 1
w 288 400 192 400 0
34 fwdrop\q0.68 1 4.352000000000001e-9 0 1.3655460738036542 75 1
d 288 48 528 48 2 fwdrop\q0.68
R 0 128 64 128 0 0 40 19 0 0 0.5
x -327 358 161 361 4 24 There\swill\sbe\sa\sCC/CV\sCharger\sfor\sthe\sBattery
x 297 18 765 21 4 24 An\sideal\sDiode\swould\sbe\sbetter\sbut\swhatevs.
x 256 432 474 435 4 24 Max-ish\ssystem\sload
f -48 80 -48 176 33 1.5 2
w 0 128 0 176 0
w 0 176 -32 176 0
w -64 176 -64 208 0
r 0 128 0 80 0 10000
w 0 80 -48 80 0
f -112 0 -112 80 32 1.5 2
w -96 80 -48 80 0
g -176 80 -224 80 0 0
s -64 0 16 0 0 0 false
R 16 0 80 0 0 0 40 3.3 0 0 0.5
r -64 0 -112 0 0 100
w -176 80 -128 80 0
r -112 0 -176 0 0 10000
w -64 208 144 208 0
w 144 208 192 208 0
r 672 240 608 240 0 10000
w 608 320 656 320 0
r 720 240 672 240 0 100
R 800 240 864 240 0 0 40 3.3 0 0 0.5
s 720 240 800 240 0 0 false
g 608 320 560 320 0 0
w 688 320 736 320 0
f 672 240 672 320 32 1.5 2
w 784 320 736 320 0
r 784 368 784 320 0 10000
w 784 400 752 400 0
w 784 368 784 400 0
f 736 320 736 400 33 2 2
w 784 400 928 400 0
w 928 400 928 176 0
w 928 176 688 176 0
w 688 176 656 176 0
w 720 400 528 400 0
x 22 159 155 162 4 24 USB-C\sinput
x -327 293 133 296 4 24 3v3\s\p\sSwitch\sis\sbasically\sa\sGPIO\son\sESP32
w 608 240 608 320 0
w -176 0 -176 80 0
o 16 64 0 4098 20 0.1 0 1
o 17 64 0 4097 20 12.8 1 4 17 3 18 0 18 3
