$ 1 0.000005 1.4391916095149893 37 5 50 5e-11
g 624 720 624 752 0 0
v 528 288 528 192 0 0 40 17.8 0 0 0.5
f 688 112 688 192 33 1.5 2
f 784 112 784 192 41 2 2
w 688 112 736 112 0
w 736 112 784 112 0
r 784 112 832 112 0 40000
g 832 112 832 144 0 0
w 576 720 624 720 0
p 672 528 672 720 3 0 0 10000000
370 528 192 624 192 3 0 0
370 800 -16 896 -16 3 0 0
w 624 720 672 720 0
w 624 528 672 528 0
209 624 528 624 720 4 0.000019999999999999998 17.61214030190024 0.001 0 1
w 576 528 624 528 0
r 576 720 576 528 0 12
209 448 192 448 288 4 0.000001 17.8 0.001 0.1 1
34 fwdrop\q0.68 1 4.352000000000001e-9 0 1.3655460738036542 75 1
d 896 -16 896 192 2 fwdrop\q0.68
R 384 -16 320 -16 0 0 40 19 0 0 0.5
x -137 183 351 186 4 24 There\swill\sbe\sa\sCC/CV\sCharger\sfor\sthe\sBattery
x 916 93 1210 96 6 24 Low\sDrop\sDiode\sis\sa\smust!!!
x 688 678 993 681 6 24 Simulated\sSystem\sMax\sLoad
f 656 -96 656 -16 41 1.5 2
r 560 -16 560 -96 0 1000
f 720 -160 720 -96 40 1.5 2
g 768 -96 768 -80 0 0
s 592 -160 672 -160 0 1 false
R 592 -160 544 -160 0 0 40 3.3 0 0 0.5
r 720 -160 672 -160 0 100
w 736 -96 768 -96 0
r 768 -96 768 -160 0 10000
r 576 368 576 448 0 10000
r 672 368 624 368 0 100
R 752 368 816 368 0 0 40 3.3 0 0 0.5
s 672 368 752 368 0 0 false
g 576 448 576 480 0 0
f 624 368 624 448 32 1.5 2
r 784 528 784 448 0 1000
f 688 448 688 528 33 2 2
x 304 40 482 43 6 20 USB-C\sInput\s(~20V)
x -134 146 326 149 4 24 3v3\s\p\sSwitch\sis\sbasically\sa\sGPIO\son\sESP32
34 zener-15 1 1.7143528192810002e-7 0 2.0000000000000084 15 1
z 736 448 736 528 2 zener-15
r 688 448 640 448 0 500
34 zener-15-2 1 1.7143528192810002e-7 0 2.0000000000000084 15 1
z 736 112 736 192 2 zener-15-2
34 zener-15-3 1 1.7143528192810002e-7 0 2.0000000000000084 15 1
z 608 -96 608 -16 2 zener-15-3
r 704 -96 656 -96 0 100
w 688 -16 688 112 0
s 464 -16 384 -16 0 1 false
r 512 -96 560 -96 0 500000
g 464 -96 464 -80 0 0
r 624 192 624 288 0 500000
r 736 192 736 288 0 500000
r 832 192 832 288 0 500000
r 848 448 784 448 0 500000
c 512 -16 512 -96 4 1e-7 2.703773495289861 0.001 0.1
p 800 -16 800 32 3 0 0 10000000
w 528 192 448 192 0
w 624 192 672 192 0
w 704 192 736 192 0
w 736 192 768 192 0
w 800 192 832 192 0
w 624 288 736 288 0
w 736 288 832 288 0
g 736 288 736 304 0 0
w 784 528 736 528 0
w 736 528 704 528 0
w 688 448 736 448 0
w 736 448 784 448 0
g 848 448 848 480 0 0
w 608 448 576 448 0
w 624 368 576 368 0
w 784 528 896 528 0
w 896 528 896 272 0
w 832 192 896 192 0
w 896 192 896 272 0
w 528 288 448 288 0
w 528 288 624 288 0
w 512 -96 464 -96 0
w 464 -16 512 -16 0
w 512 -16 560 -16 0
w 560 -16 608 -16 0
w 608 -16 640 -16 0
w 560 -96 608 -96 0
w 608 -96 656 -96 0
g 800 32 800 48 0 0
w 720 -160 768 -160 0
w 672 -16 688 -16 0
w 688 -16 800 -16 0
x 310 60 474 63 4 12 adapter\scan\sbe\sdisconnected!!!
x 427 325 719 328 6 24 4S\sLipo\sCharged\sExternally
x 635 410 867 413 6 24 System\sPower\sSwitch
x 235 -123 673 -120 6 24 Switched\son\sif\sV-Adapter\shigher\sthan\s19V
x -138 221 419 224 4 24 Basically\sa\spower\smanagement\scircuitry\sfor\sa\sLaptop
x -136 255 296 258 4 24 Purpose\sis\sto\sauto-switch\sPower\sSource!
d 672 0 640 0 2 default
d 672 208 704 208 2 default
d 800 208 768 208 2 default
d 672 544 704 544 2 default
d 608 464 640 464 2 default
d 736 -80 704 -80 2 default
w 704 -96 704 -80 0
w 736 -96 736 -80 0
w 640 -16 640 0 0
w 672 -16 672 0 0
w 672 192 672 208 0
w 704 192 704 208 0
w 768 192 768 208 0
w 800 192 800 208 0
w 672 528 672 544 0
w 704 528 704 544 0
w 608 448 608 464 0
w 640 448 640 464 0
o 9 64 0 4098 20 0.1 0 1
o 10 64 0 4097 20 12.8 1 4 10 3 11 0 11 3
